Epoch 1 
 	 loss: 11808.649197161198 
 	 acc: 36.65986811514562 
Epoch 2 
 	 loss: 5290.468312457204 
 	 acc: 42.05256372321089 
Epoch 3 
 	 loss: 3469.8078657388687 
 	 acc: 42.48900959546857 
Epoch 4 
 	 loss: 2563.1717128679156 
 	 acc: 43.06442067886883 
Validation: 
 	 loss: 51064.32402188983 
 	 acc: 8.634864944836623 
 	 val_f1: 0.49049129939068525