Epoch 1 
 	 loss: 12072.247026741505 
 	 acc: 35.655936931986304 
Epoch 2 
 	 loss: 5469.478925704956 
 	 acc: 40.69250116244663 
Epoch 3 
 	 loss: 3342.6466573774815 
 	 acc: 43.984867058375954 
Epoch 4 
 	 loss: 2441.405917622149 
 	 acc: 44.89844443505094 
Validation: 
 	 loss: 43198.93311881693 
 	 acc: 10.050936297924503 
 	 val_f1: 0.5267754462821079