Epoch 1 
 	 loss: 1.4457701144081283 
 	 acc: 1.6570148370461175 
Validation: 
 	 loss: 158828.086141808 
 	 acc: 26.91535453872979 
 	 val_f1: 0.1141605462283843
 start time: 2023_04_23-17.26.05