Epoch 1 
 	 loss: 1.4462146208371003 
 	 acc: 1.7225345563680943 
Validation: 
 	 loss: 152111.57895948496 
 	 acc: 26.91535453872979 
 	 val_f1: 0.1141605462283843
 start time: 2023_04_23-18.05.56