Epoch 1 
 	 loss: 856.8444647789001 
 	 acc: 1.632709134716997 
Validation: 
 	 loss: 67047.1008082591 
 	 acc: 1.3457961702667287 
 	 val_f1: 0.1141605462283843
 start time: 2023_04_23-16.51.36