Epoch 1 
 	 loss: 353.12879025936127 
 	 acc: 0.663122965718392 
Validation: 
 	 loss: 581518.7837113142 
 	 acc: 0.5273280635752631 
 	 val_f1: 0.41695796589842804