Epoch 1 
 	 loss: 1.1678186092239514e+17 
 	 acc: 19.90319989855011 
Epoch 2 
 	 loss: 1.515143558589645e+20 
 	 acc: 19.637422327429512 
Epoch 3 
 	 loss: 1.4188052747325168e+23 
 	 acc: 19.163461132011665 
Epoch 4 
 	 loss: 4.111563580107742e+23 
 	 acc: 19.09529948852348 
Validation: 
 	 loss: 2.0106143995290186e+23 
 	 acc: 5.294944413915543 
 	 val_f1: 0.41864702754764416