Epoch 1 
 	 loss: 1.4633181871698189 
 	 acc: 1.6295388257175465 
Validation: 
 	 loss: 18407.768723368645 
 	 acc: 26.91535453872979 
 	 val_f1: 0.1141605462283843
 start time: 2023_04_23-18.15.31