Epoch 1 
 	 loss: 862.1194440126419 
 	 acc: 1.6527877583801833 
Validation: 
 	 loss: 846032.4082107544 
 	 acc: 2.691535453872979 
 	 val_f1: 0.1141605462283843
 start time: 2023_04_23-16.59.12