Epoch 1 
 	 loss: 1.4490191783195019 
 	 acc: 1.6971720843724902 
Validation: 
 	 loss: 41706.750338706624 
 	 acc: 26.92592201204692 
 	 val_f1: 0.11656264530952862
 start time: 2023_04_23-17.56.47