Epoch 1 
 	 loss: 1.4626862686095907 
 	 acc: 1.6395781375491396 
Validation: 
 	 loss: 283023.37693488586 
 	 acc: 26.91535453872979 
 	 val_f1: 0.1141605462283843
 start time: 2023_04_23-17.13.48