Epoch 1 
 	 loss: 1.4513219308530416 
 	 acc: 1.6876611573741387 
Validation: 
 	 loss: 195000.7208296336 
 	 acc: 26.91535453872979 
 	 val_f1: 0.1141605462283843
 start time: 2023_04_23-17.09.04